$ANSIBLE_VAULT;1.1;AES256
33663164373132653132383362656233343933333439363633623035323931363030393831353833
6335333538636566613339363132356339336432636261350a363030356635643565303537383932
38656532316630623665633535356465653530353639616137376533643631316562663936646665
3136316166616339620a653632646230653761653035323865333839383730633061346463353235
63633336623336663364616536363862333363326231363231646166643039373533623162373235
33623239366565663538303864313832613661626163386133666361306332346665323366393438
31663965666131303537623163393663623866346630313931623839376532633961353331383139
38343931663036333464343831323364333064343865313066616432653337356333393033353339
34396630346664376338613165643536373261373265373762623831616133383564656437623437
38346636303736393039653565616534343766643239393933366438666163343433376639326337
65663161353665323332386661383930373439633638623632636566633938306436353032393965
62306232303562313337303635633137643765326363626564643834656430613362383065346266
30316139336439666463646264346634363136396463623832383138366437613333333335623332
3465346330633933366331373536356565333465353333613235
